10001100000000010000000001010000
10101100000000010000000001010100
10001100000000100000000001011000
00000000001000100001100000100100
00000000001000100010000000100101
10001100000001010000000001011100
10001100000001100000000001100000
00000000110001010011100000100000
00000000111001010100000000100010
00000000110001110100100000101010
00010000111010000000000000000001
00010100111010000000000000000001
00000000000000000000000000000000
00000000000000000000000000000000
00000000001000100101000000100111
00110000010010110000101011110000
00100000101011000000000000100111
00110100010011010000101011110000
00001000000000000000000000000000
00000000000000000000000000000000
11111111111111110000000000000000
00000000000000000000000000000000
11111111000000001111111100000000
00000000000000000010010110001001
00000000000000001001010001110011
